MEB23124080204112000599.1
00 13 03 130 443
01 12 11 870 439
02 12 09 737 427
03 04 06 557 407
04 00 08 394 389
05 02 09 825 370
06 03 08 325 353
07 06 12 175 335
08 07 10 078 319
09 07 11 300 304
10 09 08 305 288
11 11 09 003 274
12 10 03 181 246
13 12 06 456 222
14 03 06 455 198
15 17 03 666 179
16 20 02 649 160
17 02 14 727 144
18 02 11 879 129
19 07 08 013 114
20 14 20 150 101
21 14 16 261 088
22 12 08 376 076
23 09 36 365 064
24 12 30 258 052
25 08 36 229 044
26 10 40 190 037
27 10 40 135 030
28 08 46 100 025
