METCM3124080204112000599.1
00130003 30851004
01120011 30440983
02118009 30220951
03044006 29890898
04004008 29540849
05018009 29220800
06034008 28900755
07055012 28670711
08072010 28360670
09068011 27990630
10093008 27710593
11108009 27380557
12100003 26920491
13121006 26250432
14029006 25640378
15169003 24860331
16198002 24070287
17025014 23210249
18025011 22350214
19072008 21590183
20141020 20820156
21137016 20190132
22123008 19540111
23090036 19600093
24122030 20210078
25083036 20370066
26104040 20590056
27103040 20900047
28084046 21100040
